150.45335515548283 173742.3907825252
151.29950900163666 173742.3907825252
152.1456628477905 173771.19539126262
152.99181669394437 173771.19539126262
153.83797054009818 173771.19539126262
154.68412438625205 173771.19539126262
155.5302782324059 173771.19539126262
156.37643207855973 173771.19539126262
157.2225859247136 173771.19539126262
158.0687397708674 173771.19539126262
158.91489361702128 173771.19539126262
159.76104746317512 173771.19539126262
160.60720130932896 173771.19539126262
161.45335515548283 173771.19539126262
162.29950900163666 173771.19539126262
163.1456628477905 173771.19539126262
163.99181669394437 173771.19539126262
164.83797054009818 173771.19539126262
165.68412438625205 173771.19539126262
166.5302782324059 173771.19539126262
167.37643207855973 173771.19539126262
168.2225859247136 173771.19539126262
169.0687397708674 173771.19539126262
169.91489361702128 173771.19539126262
170.76104746317512 173771.19539126262
171.60720130932896 173771.19539126262
172.45335515548283 173771.19539126262
173.29950900163666 173771.19539126262
174.1456628477905 173771.19539126262
174.99181669394437 173828.8046087374
175.83797054009818 173828.8046087374
176.68412438625205 173857.60921747482
177.5302782324059 173915.2184349496
178.37643207855973 173915.2184349496
179.2225859247136 173972.8276524244
180.0687397708674 174030.4368698992
180.91489361702128 174059.2414786366
181.76104746317512 174116.8506961114
182.60720130932896 174203.2645223236
183.45335515548283 174260.87373979838
184.29950900163666 174289.6783485358
185.1456628477905 174376.09217474796
185.99181669394437 174433.70139222278
186.83797054009818 174491.31060969757
187.68412438625205 174520.11521843495
188.5302782324059 174577.72443590977
189.37643207855973 174664.13826212194
190.2225859247136 174664.13826212194
191.0687397708674 174692.94287085935
191.91489361702128 174750.55208833414
192.76104746317512 174808.16130580893
193.60720130932896 174836.96591454634
194.45335515548283 174894.57513202113
195.29950900163666 174952.18434949592
196.1456628477905 175009.79356697074
196.99181669394437 175067.40278444553
197.83797054009818 175125.01200192032
198.68412438625205 175182.6212193951
199.5302782324059 175240.2304368699
200.37643207855973 175355.4488718195
201.2225859247136 175384.2534805569
202.0687397708674 175441.8626980317
202.91489361702128 175528.27652424388
203.76104746317512 175557.0811329813
204.60720130932896 175585.8857417187
205.45335515548283 175643.4949591935
206.29950900163666 175672.29956793087
207.1456628477905 175672.29956793087
207.99181669394437 175729.90878540569
208.83797054009818 175729.90878540569
209.68412438625205 175729.90878540569
210.5302782324059 175729.90878540569
211.37643207855973 175729.90878540569
212.22258592471357 175787.51800288048
213.06873977086744 175787.51800288048
213.91489361702128 175787.51800288048
214.76104746317512 175787.51800288048
215.60720130932896 175787.51800288048
216.45335515548283 175787.51800288048
217.29950900163666 175787.51800288048
218.1456628477905 175787.51800288048
218.99181669394434 175787.51800288048
219.8379705400982 175787.51800288048
220.68412438625205 175787.51800288048
221.5302782324059 175787.51800288048
222.37643207855973 175787.51800288048
223.22258592471357 175787.51800288048
224.06873977086744 175787.51800288048
224.91489361702128 175787.51800288048
225.76104746317512 175787.51800288048
226.60720130932896 175787.51800288048
227.45335515548283 175787.51800288048
228.29950900163666 175787.51800288048
229.1456628477905 175787.51800288048
229.99181669394434 175787.51800288048
230.8379705400982 175787.51800288048
231.68412438625205 175758.71339414307
232.5302782324059 175729.90878540569
233.37643207855973 175701.10417666828
234.22258592471357 175672.29956793087
235.06873977086744 175672.29956793087
235.91489361702128 175643.4949591935
236.76104746317512 175643.4949591935
237.60720130932896 175585.8857417187
238.45335515548283 175557.0811329813
239.29950900163666 175499.4719155065
240.1456628477905 175470.6673067691
240.99181669394434 175413.0580892943
241.8379705400982 175384.2534805569
242.68412438625205 175355.4488718195
243.5302782324059 175326.6442630821
244.37643207855973 175269.0350456073
245.22258592471357 175211.42582813252
246.06873977086744 175182.6212193951
246.91489361702128 175125.01200192032
247.76104746317512 175067.40278444553
248.60720130932896 175038.59817570812
249.45335515548283 174980.98895823333
250.29950900163666 174952.18434949592
251.1456628477905 174923.37974075854
251.99181669394434 174894.57513202113
252.8379705400982 174836.96591454634
253.68412438625205 174808.16130580893
254.5302782324059 174750.55208833414
255.37643207855973 174692.94287085935
256.2225859247136 174664.13826212194
257.0687397708674 174635.33365338456
257.9148936170213 174606.52904464715
258.76104746317515 174548.91982717236
259.60720130932896 174520.11521843495
260.4533551554828 174462.50600096016
261.2995090016367 174404.89678348537
262.1456628477905 174376.09217474796
262.9918166939443 174347.28756601058
263.83797054009824 174318.48295727317
264.68412438625205 174260.87373979838
265.53027823240586 174232.06913106097
266.37643207855973 174203.2645223236
267.2225859247136 174145.6553048488
268.0687397708674 174145.6553048488
268.9148936170213 174116.8506961114
269.76104746317515 174088.04608737398
270.60720130932896 174088.04608737398
271.4533551554828 174088.04608737398
272.2995090016367 174088.04608737398
273.1456628477905 174088.04608737398
273.9918166939443 174116.8506961114
274.83797054009824 174145.6553048488
275.68412438625205 174145.6553048488
276.53027823240586 174174.45991358618
277.37643207855973 174174.45991358618
278.2225859247136 174174.45991358618
279.0687397708674 174232.06913106097
279.9148936170213 174232.06913106097
280.76104746317515 174260.87373979838
281.60720130932896 174260.87373979838
282.4533551554828 174289.6783485358
283.2995090016367 174347.28756601058
284.1456628477905 174347.28756601058
284.9918166939443 174347.28756601058
285.83797054009824 174404.89678348537
286.68412438625205 174404.89678348537
287.53027823240586 174433.70139222278
288.37643207855973 174462.50600096016
289.2225859247136 174491.31060969757
290.0687397708674 174520.11521843495
290.9148936170213 174520.11521843495
291.76104746317515 174577.72443590977
292.60720130932896 174577.72443590977
293.4533551554828 174577.72443590977
294.2995090016367 174635.33365338456
295.1456628477905 174635.33365338456
295.9918166939443 174635.33365338456
296.83797054009824 174692.94287085935
297.68412438625205 174692.94287085935
298.53027823240586 174721.74747959676
299.37643207855973 174750.55208833414
300.2225859247136 174779.35669707155
301.0687397708674 174808.16130580893
301.9148936170213 174808.16130580893
302.76104746317515 174865.77052328375
303.60720130932896 174865.77052328375
304.4533551554828 174894.57513202113
305.2995090016367 174923.37974075854
306.1456628477905 174952.18434949592
306.9918166939443 174980.98895823333
307.83797054009824 174980.98895823333
308.68412438625205 175038.59817570812
309.53027823240586 175038.59817570812
310.37643207855973 175067.40278444553
311.2225859247136 175096.2073931829
312.0687397708674 175125.01200192032
312.9148936170213 175153.81661065773
313.76104746317515 175153.81661065773
314.60720130932896 175211.42582813252
315.4533551554828 175211.42582813252
316.2995090016367 175240.2304368699
317.1456628477905 175269.0350456073
317.9918166939443 175297.83965434472
318.83797054009824 175326.6442630821
319.68412438625205 175326.6442630821
320.53027823240586 175384.2534805569
321.37643207855973 175384.2534805569
322.2225859247136 175384.2534805569
323.0687397708674 175384.2534805569
323.9148936170213 175441.8626980317
324.76104746317515 175441.8626980317
325.60720130932896 175441.8626980317
326.4533551554828 175441.8626980317
327.2995090016367 175499.4719155065
328.1456628477905 175499.4719155065
328.9918166939443 175499.4719155065
329.83797054009824 175499.4719155065
330.68412438625205 175499.4719155065
331.53027823240586 175557.0811329813
332.37643207855973 175557.0811329813
333.2225859247136 175557.0811329813
334.0687397708674 175557.0811329813
334.9148936170213 175557.0811329813
335.76104746317515 175557.0811329813
336.60720130932896 175557.0811329813
337.4533551554828 175557.0811329813
338.29950900163664 175557.0811329813
339.1456628477905 175557.0811329813
339.9918166939444 175557.0811329813
340.8379705400982 175585.8857417187
341.68412438625205 175557.0811329813
342.53027823240586 175557.0811329813
343.37643207855973 175557.0811329813
344.2225859247136 175614.69035045608
345.0687397708674 175614.69035045608
345.9148936170213 175614.69035045608
346.76104746317515 175614.69035045608
347.60720130932896 175614.69035045608
348.4533551554828 175614.69035045608
349.29950900163664 175614.69035045608
350.1456628477905 175614.69035045608
350.9918166939444 175614.69035045608
351.8379705400982 175614.69035045608
352.68412438625205 175614.69035045608
353.53027823240586 175614.69035045608
354.37643207855973 175614.69035045608
355.2225859247136 175672.29956793087
356.0687397708674 175672.29956793087
356.9148936170213 175672.29956793087
357.76104746317515 175672.29956793087
358.60720130932896 175729.90878540569
359.4533551554828 175729.90878540569
360.29950900163664 175758.71339414307
361.1456628477905 175787.51800288048
361.9918166939444 175787.51800288048
362.8379705400982 175845.12722035527
363.68412438625205 175845.12722035527
364.53027823240586 175845.12722035527
365.37643207855973 175902.73643783006
366.2225859247136 175931.54104656746
367.0687397708674 175960.34565530485
367.9148936170213 176017.95487277966
368.76104746317515 176075.56409025445
369.60720130932896 176133.17330772924
370.4533551554828 176219.58713394144
371.29950900163664 176277.19635141623
372.1456628477905 176306.00096015364
372.9918166939444 176363.61017762843
373.8379705400982 176450.02400384063
374.68412438625205 176450.02400384063
375.53027823240586 176478.828612578
376.37643207855973 176536.4378300528
377.2225859247136 176565.2424387902
378.0687397708674 176594.04704752762
378.9148936170213 176651.6562650024
379.76104746317515 176680.4608737398
380.60720130932896 176738.0700912146
381.4533551554828 176766.874699952
382.29950900163664 176766.874699952
383.1456628477905 176795.6793086894
383.9918166939444 176882.0931349016
384.8379705400982 176939.7023523764
385.68412438625205 176968.50696111377
386.53027823240586 177054.92078732597
387.37643207855973 177054.92078732597
388.2225859247136 177054.92078732597
389.0687397708674 177112.53000480076
389.9148936170213 177198.94383101296
390.76104746317515 177256.55304848775
391.60720130932896 177314.16226596257
392.4533551554828 177371.77148343736
393.29950900163664 177342.96687469995
394.1456628477905 177342.96687469995
394.9918166939444 177342.96687469995
395.8379705400982 177342.96687469995
396.68412438625205 177400.57609217474
397.53027823240586 177429.38070091215
398.37643207855973 177458.18530964956
399.2225859247136 177458.18530964956
400.0687397708674 177458.18530964956
400.9148936170213 177458.18530964956
401.76104746317515 177458.18530964956
402.60720130932896 177486.98991838694
403.4533551554828 177515.79452712435
404.29950900163664 177544.59913586173
405.1456628477905 177573.40374459914
405.9918166939444 177631.01296207393
406.8379705400982 177659.81757081134
407.68412438625205 177717.42678828613
408.53027823240586 177746.23139702354
409.37643207855973 177746.23139702354
410.2225859247136 177746.23139702354
411.0687397708674 177775.03600576092
411.9148936170213 177861.44983197312
412.76104746317515 178005.4728756601
413.60720130932896 178063.0820931349
414.4533551554828 178149.4959193471
415.29950900163664 178207.1051368219
416.1456628477905 178322.3235717715
416.9918166939444 178322.3235717715
417.8379705400982 178293.5189630341
418.68412438625205 178264.7143542967
419.53027823240586 178264.7143542967
420.37643207855973 178293.5189630341
421.2225859247136 178408.7373979837
422.0687397708674 178639.17426788286
422.9148936170213 178696.78348535768
423.76104746317515 178725.58809409506
424.60720130932896 178812.00192030726
425.4533551554828 178754.39270283247
426.29950900163664 178696.78348535768
427.1456628477905 178667.97887662027
427.9918166939444 178725.58809409506
428.8379705400982 178812.00192030726
429.68412438625205 178898.41574651946
430.53027823240586 178956.02496399425
431.37643207855973 179042.43879020645
432.2225859247136 179071.24339894383
433.0687397708674 179215.26644263082
433.9148936170213 179301.68026884302
434.76104746317515 179359.2894863178
435.60720130932896 179445.70331253
436.4533551554828 179647.3355736918
437.29950900163664 179704.9447911666
438.1456628477905 179791.35861737878
438.9918166939444 179906.5770523284
439.8379705400982 179935.38166106577
440.68412438625205 179964.18626980318
441.53027823240586 180050.60009601538
442.37643207855973 180079.40470475276
443.2225859247136 180137.01392222758
444.0687397708674 180165.81853096496
444.9148936170213 180194.62313970237
445.76104746317515 180194.62313970237
446.60720130932896 180194.62313970237
447.4533551554828 180165.81853096496
448.29950900163664 180194.62313970237
449.1456628477905 180252.23235717716
449.9918166939444 180367.45079212674
450.8379705400982 180453.86461833894
451.68412438625205 180482.66922707635
452.53027823240586 180540.27844455114
453.37643207855973 180713.10609697553
454.2225859247136 180713.10609697553
455.0687397708674 180655.49687950072
455.9148936170213 180626.69227076333
456.76104746317515 180828.32453192511
457.60720130932896 180943.54296687472
458.4533551554828 181001.1521843495
459.29950900163664 181173.97983677388
460.1456628477905 181260.39366298608
460.9918166939444 181202.7844455113
461.8379705400982 181029.9567930869
462.68412438625205 180857.12914066252
463.53027823240586 180799.5199231877
464.37643207855973 180770.71531445032
465.2225859247136 180684.30148823812
466.0687397708674 180770.71531445032
466.9148936170213 180857.12914066252
467.76104746317515 180972.3475756121
468.60720130932896 181058.7614018243
469.4533551554828 181116.3706192991
470.29950900163664 181116.3706192991
471.1456628477905 181087.5660105617
471.9918166939444 181058.7614018243
472.8379705400982 181087.5660105617
473.68412438625205 181173.97983677388
474.53027823240586 181202.7844455113
475.37643207855973 181231.5890542487
476.2225859247136 181260.39366298608
477.0687397708674 181375.6120979357
477.9148936170213 181980.50888142103
478.76104746317515 182009.31349015844
479.60720130932896 182038.11809889582
480.4533551554828 182095.72731637064
481.29950900163664 182038.11809889582
482.1456628477905 182009.31349015844
482.9918166939444 181490.83053288527
483.8379705400982 181318.00288046087
484.68412438625205 181289.1982717235
485.53027823240586 181289.1982717235
486.37643207855973 181260.39366298608
487.2225859247136 181260.39366298608
488.0687397708674 181289.1982717235
488.9148936170213 181404.41670667307
489.76104746317515 181462.02592414786
490.60720130932896 181490.83053288527
491.4533551554828 181490.83053288527
492.29950900163664 181462.02592414786
493.1456628477905 181433.22131541048
493.9918166939444 181462.02592414786
494.8379705400982 181519.63514162268
495.68412438625205 181548.43975036006
496.53027823240586 181577.24435909747
497.37643207855973 181634.85357657226
498.2225859247136 181606.04896783485
499.0687397708674 181606.04896783485
499.9148936170213 181577.24435909747
500.76104746317515 181548.43975036006
501.60720130932896 181519.63514162268
502.4533551554828 181462.02592414786
503.29950900163664 181462.02592414786
504.1456628477905 181433.22131541048
504.9918166939444 181462.02592414786
505.8379705400982 181462.02592414786
506.68412438625205 181404.41670667307
507.53027823240586 181375.6120979357
508.37643207855973 181318.00288046087
509.2225859247136 181289.1982717235
510.0687397708674 181260.39366298608
510.9148936170213 181289.1982717235
511.76104746317515 181260.39366298608
512.607201309329 181231.5890542487
513.4533551554828 181173.97983677388
514.2995090016366 181173.97983677388
515.1456628477905 181145.1752280365
515.9918166939444 181087.5660105617
516.8379705400982 181087.5660105617
517.684124386252 181087.5660105617
518.5302782324059 181087.5660105617
519.3764320785597 181087.5660105617
520.2225859247136 181087.5660105617
521.0687397708674 181087.5660105617
521.9148936170213 181087.5660105617
522.7610474631751 181116.3706192991
523.607201309329 181116.3706192991
524.4533551554828 181145.1752280365
525.2995090016366 181116.3706192991
526.1456628477905 181116.3706192991
526.9918166939444 181173.97983677388
527.8379705400982 181231.5890542487
528.684124386252 181260.39366298608
529.5302782324059 181260.39366298608
530.3764320785597 181202.7844455113
531.2225859247136 181202.7844455113
532.0687397708674 181231.5890542487
532.9148936170213 181289.1982717235
533.7610474631751 181404.41670667307
534.607201309329 181404.41670667307
535.4533551554828 181375.6120979357
536.2995090016366 181375.6120979357
537.1456628477905 181404.41670667307
537.9918166939444 181433.22131541048
538.8379705400982 181462.02592414786
539.684124386252 181433.22131541048
540.5302782324059 181548.43975036006
541.3764320785597 181577.24435909747
542.2225859247136 181577.24435909747
543.0687397708674 181548.43975036006
543.9148936170213 181462.02592414786
544.7610474631751 181346.80748919828
545.607201309329 181318.00288046087
546.4533551554828 181346.80748919828
547.2995090016366 181375.6120979357
548.1456628477905 181462.02592414786
548.9918166939444 181490.83053288527
549.8379705400982 181519.63514162268
550.684124386252 181548.43975036006
551.5302782324059 181433.22131541048
552.3764320785597 181375.6120979357
553.2225859247136 181433.22131541048
554.0687397708674 181490.83053288527
554.9148936170213 181548.43975036006
555.7610474631751 181634.85357657226
556.607201309329 181922.89966394624
557.4533551554828 181951.70427268365
558.2995090016366 181922.89966394624
559.1456628477905 181894.09505520883
559.9918166939444 181865.29044647145
560.8379705400982 182124.53192510802
561.684124386252 182527.7964474316
562.5302782324059 183046.27940470475
563.3764320785597 183219.10705712915
564.2225859247136 184083.2453192511
565.0687397708674 184486.50984157465
565.9148936170213 184947.38358137303
566.7610474631751 185523.47575612098
567.607201309329 186445.2232357177
568.4533551554828 186474.02784445512
569.2995090016366 186502.83245319253
570.1456628477905 187165.33845415266
570.9918166939444 187741.43062890062
571.8379705400982 187943.06289006243
572.684124386252 188000.67210753722
573.5302782324059 188144.6951512242
574.3764320785597 189757.7532405185
575.2225859247136 189786.55784925589
576.0687397708674 189815.3624579933
576.9148936170213 189584.9255880941
577.7610474631751 189527.31637061932
578.607201309329 188893.61497839657
579.4533551554828 188547.95967354777
580.2995090016366 188576.76428228518
581.1456628477905 189181.66106577055
581.9918166939444 189008.83341334615
582.8379705400982 188087.08593374942
583.684124386252 187943.06289006243
584.5302782324059 187309.36149783965
585.3764320785597 186848.4877580413
586.2225859247136 188173.4997599616
587.0687397708674 188202.304368699
587.9148936170213 188231.1089774364
588.7610474631751 188980.02880460874
589.607201309329 188720.78732597217
590.4533551554828 188115.8905424868
591.2995090016366 187683.82141142583
592.1456628477905 188461.5458473356
592.9918166939444 188519.1550648104
593.8379705400982 188605.5688910226
594.684124386252 189008.83341334615
595.5302782324059 188893.61497839657
596.3764320785597 188836.00576092175
597.2225859247135 188778.39654344696
598.0687397708675 188461.5458473356
598.9148936170213 188490.35045607298
599.7610474631751 188605.5688910226
600.607201309329 188547.95967354777
601.4533551554828 188547.95967354777
602.2995090016366 188317.5228036486
603.1456628477904 188259.9135861738
603.9918166939444 188231.1089774364
604.8379705400982 188173.4997599616
605.684124386252 187971.8674987998
606.5302782324059 187885.4536725876
607.3764320785597 187741.43062890062
608.2225859247135 188115.8905424868
609.0687397708675 188144.6951512242
609.9148936170213 188115.8905424868
610.7610474631751 187914.25828132502
611.607201309329 187856.64906385023
612.4533551554828 187050.12001920308
613.2995090016366 186819.6831493039
614.1456628477904 186272.39558329334
614.9918166939444 186214.78636581855
615.8379705400982 186128.37253960635
616.684124386252 186214.78636581855
617.5302782324059 186272.39558329334
618.3764320785597 186502.83245319253
619.2225859247135 186445.2232357177
620.0687397708675 186387.61401824292
620.9148936170213 186243.59097455593
621.7610474631751 186041.95871339415
622.607201309329 185753.91262602017
623.4533551554828 185725.10801728276
624.2995090016366 185581.08497359577
625.1456628477904 185379.452712434
625.9918166939444 185293.0388862218
626.8379705400982 185235.429668747
627.684124386252 185004.99279884782
628.5302782324059 184774.55592894863
629.3764320785597 184860.96975516083
630.2225859247135 184976.18819011044
631.0687397708675 185004.99279884782
631.9148936170213 185033.79740758523
632.7610474631751 185149.0158425348
633.607201309329 185091.40662506002
634.4533551554828 184947.38358137303
635.2995090016366 184860.96975516083
636.1456628477904 184803.36053768604
636.9918166939444 184803.36053768604
637.8379705400982 184774.55592894863
638.684124386252 184688.14210273646
639.5302782324059 184659.33749399905
640.3764320785597 184601.72827652426
641.2225859247135 184630.53288526164
642.0687397708675 185033.79740758523
642.9148936170213 185062.6020163226
643.7610474631751 185091.40662506002
644.607201309329 185206.6250600096
645.4533551554828 185149.0158425348
646.2995090016366 185033.79740758523
647.1456628477904 184947.38358137303
647.9918166939444 184976.18819011044
648.8379705400982 191255.5928948632
649.684124386252 197506.19299087854
650.5302782324059 197563.80220835336
651.3764320785597 207653.7061929909
652.2225859247135 207472.2371579453
653.0687397708675 197304.56072971676
653.9148936170213 195317.0427268363
654.7610474631751 184544.11905904947
655.607201309329 184371.29140662507
656.4533551554828 184083.2453192511
657.2995090016366 184054.44071051368
658.1456628477904 184112.0499279885
658.9918166939444 184140.85453672588
659.8379705400982 184169.6591454633
660.684124386252 184083.2453192511
661.5302782324059 183996.8314930389
662.3764320785597 183939.2222755641
663.2225859247135 183852.8084493519
664.0687397708675 183852.8084493519
664.9148936170213 184256.0729716755
665.7610474631751 184342.48679788766
666.607201309329 184428.90062409986
667.4533551554828 184486.50984157465
668.2995090016366 184457.70523283727
669.1456628477904 184428.90062409986
669.9918166939444 184400.09601536248
670.8379705400982 183939.2222755641
671.684124386252 183996.8314930389
672.5302782324059 184112.0499279885
673.3764320785597 184284.87758041287
674.2225859247135 184342.48679788766
675.0687397708675 184371.29140662507
675.9148936170213 184227.26836293808
676.7610474631751 184169.6591454633
677.607201309329 183996.8314930389
678.4533551554828 184169.6591454633
679.2995090016366 184515.31445031206
680.1456628477904 184544.11905904947
680.9918166939444 184572.92366778685
681.8379705400982 184544.11905904947
682.684124386252 184486.50984157465
683.5302782324059 184054.44071051368
684.3764320785597 183881.6130580893
685.2225859247135 184025.6361017763
686.0687397708675 184054.44071051368
686.9148936170213 184054.44071051368
687.7610474631751 183968.0268843015
688.607201309329 183766.3946231397
689.4533551554828 183535.95775324054
690.2995090016366 183449.54392702834
691.1456628477904 183939.2222755641
691.9918166939444 183996.8314930389
692.8379705400982 183996.8314930389
693.684124386252 183852.8084493519
694.5302782324059 183708.7854056649
695.3764320785597 183103.88862217957
696.2225859247135 182873.45175228038
697.0687397708675 182902.25636101776
697.9148936170213 182902.25636101776
698.7610474631751 182729.4287085934
699.607201309329 182671.8194911186
700.4533551554828 182671.8194911186
701.2995090016366 183363.13010081614
702.1456628477904 183420.73931829093
702.9918166939444 183679.98079692753
703.8379705400982 183679.98079692753
704.684124386252 183651.17618819012
705.5302782324059 183161.49783965436
706.3764320785597 182700.62409985598
707.2225859247135 182844.64714354297
708.0687397708675 182959.86557849258
708.9148936170213 182988.67018722996
709.7610474631751 182873.45175228038
710.607201309329 182815.8425348056
711.4533551554828 182758.23331733077
712.2995090016366 182556.601056169
713.1456628477904 182412.578012482
713.9918166939444 182412.578012482
714.8379705400982 182441.3826212194
715.684124386252 182470.1872299568
716.5302782324059 182441.3826212194
717.3764320785597 182153.33653384543
718.2225859247135 182095.72731637064
719.0687397708675 182182.1411425828
719.9148936170213 182239.75036005763
720.7610474631751 182268.554968795
721.607201309329 182297.35957753242
722.4533551554828 182326.1641862698
723.2995090016366 182297.35957753242
724.1456628477904 182441.3826212194
724.9918166939444 182931.06096975517
725.8379705400982 182988.67018722996
726.684124386252 183017.47479596737
727.5302782324059 183219.10705712915
728.3764320785597 183190.30244839174
729.2225859247135 182988.67018722996
730.0687397708675 182959.86557849258
730.9148936170213 182902.25636101776
731.7610474631751 182527.7964474316
732.607201309329 182210.94575132022
733.4533551554828 182354.9687950072
734.2995090016366 182383.77340374462
735.1456628477904 182066.92270763323
735.9918166939444 182038.11809889582
736.8379705400982 182009.31349015844
737.684124386252 181404.41670667307
738.5302782324059 181029.9567930869
739.3764320785597 180972.3475756121
740.2225859247135 180943.54296687472
741.0687397708675 180741.91070571291
741.9148936170213 180741.91070571291
742.7610474631751 180799.5199231877
743.607201309329 181145.1752280365
744.4533551554828 181173.97983677388
745.2995090016366 181202.7844455113
746.1456628477904 181404.41670667307
746.9918166939444 181318.00288046087
747.8379705400982 181202.7844455113
748.684124386252 181145.1752280365
749.5302782324059 181260.39366298608
750.3764320785597 181433.22131541048
751.2225859247135 182412.578012482
752.0687397708675 182470.1872299568
752.9148936170213 182643.0148823812
753.7610474631751 182787.03792606818
754.607201309329 182844.64714354297
755.4533551554828 182614.21027364378
756.2995090016366 181922.89966394624
757.1456628477904 181865.29044647145
757.9918166939444 181721.26740278446
758.8379705400982 182009.31349015844
759.684124386252 182038.11809889582
760.5302782324059 181836.48583773404
761.3764320785597 181663.65818530967
762.2225859247135 181606.04896783485
763.0687397708675 181087.5660105617
763.9148936170213 181116.3706192991
764.7610474631751 181145.1752280365
765.607201309329 181260.39366298608
766.4533551554828 181202.7844455113
767.2995090016366 180885.9337493999
768.1456628477904 180713.10609697553
768.9918166939444 180281.03696591457
769.8379705400982 180165.81853096496
770.684124386252 180108.20931349017
771.5302782324059 179935.38166106577
772.3764320785597 179906.5770523284
773.2225859247135 180021.79548727797
774.0687397708675 180079.40470475276
774.9148936170213 180482.66922707635
775.7610474631751 180511.47383581373
776.607201309329 180511.47383581373
777.4533551554828 180540.27844455114
778.2995090016366 180741.91070571291
779.1456628477904 180425.06000960156
779.9918166939444 180194.62313970237
780.8379705400982 180194.62313970237
781.684124386252 180194.62313970237
782.5302782324059 180223.42774843975
783.3764320785597 180223.42774843975
784.2225859247135 179992.9908785406
785.0687397708675 179935.38166106577
785.9148936170213 179906.5770523284
786.7610474631751 179647.3355736918
787.607201309329 180453.86461833894
788.4533551554828 180511.47383581373
789.2995090016366 180511.47383581373
790.1456628477904 180338.64618338936
790.9918166939444 180252.23235717716
791.8379705400982 180021.79548727797
792.684124386252 179848.9678348536
793.5302782324059 179071.24339894383
794.3764320785597 179013.63418146904
795.2225859247135 178956.02496399425
796.0687397708675 178783.19731156985
796.9148936170213 178639.17426788286
797.7610474631751 178610.36965914548
798.607201309329 178523.95583293328
799.4533551554828 178898.41574651946
800.2995090016366 178927.22035525684
801.1456628477904 178927.22035525684
801.9918166939444 178956.02496399425
802.8379705400982 178927.22035525684
803.684124386252 178754.39270283247
804.5302782324059 178696.78348535768
805.3764320785597 178408.7373979837
806.2225859247135 178178.3005280845
807.0687397708675 178120.69131060972
807.9148936170213 178351.12818050888
808.7610474631751 178322.3235717715
809.607201309329 178264.7143542967
810.4533551554828 178264.7143542967
811.2995090016366 178235.9097455593
812.1456628477904 177947.86365818532
812.9918166939444 177832.64522323574
813.8379705400982 177775.03600576092
814.684124386252 178005.4728756601
815.5302782324059 178034.27748439752
816.3764320785597 178034.27748439752
817.2225859247135 178034.27748439752
818.0687397708675 177976.66826692273
818.9148936170213 177458.18530964956
819.7610474631751 177602.20835333655
820.607201309329 177746.23139702354
821.4533551554828 177803.84061449833
822.2995090016366 177919.0590494479
823.1456628477904 177832.64522323574
823.9918166939444 177659.81757081134
824.8379705400982 177371.77148343736
825.684124386252 177198.94383101296
826.5302782324059 177083.72539606338
827.3764320785597 177083.72539606338
828.2225859247135 177083.72539606338
829.0687397708675 177112.53000480076
829.9148936170213 177083.72539606338
830.7610474631751 176910.89774363898
831.607201309329 176853.2885261642
832.4533551554828 176824.48391742678
833.2995090016366 176651.6562650024
834.1456628477904 176651.6562650024
834.9918166939444 176709.2654824772
835.8379705400982 176680.4608737398
836.684124386252 176651.6562650024
837.5302782324059 176622.851656265
838.3764320785597 176594.04704752762
839.2225859247135 176594.04704752762
840.0687397708675 176565.2424387902
840.9148936170213 176536.4378300528
841.7610474631751 176478.828612578
842.607201309329 176450.02400384063
843.4533551554828 176421.21939510322
844.2995090016366 176421.21939510322
845.1456628477904 176392.4147863658
845.9918166939444 176334.80556889102
846.8379705400982 176680.4608737398
847.684124386252 176738.0700912146
848.5302782324059 176766.874699952
849.3764320785597 176795.6793086894
850.2225859247135 176766.874699952
851.0687397708675 176651.6562650024
851.9148936170213 176363.61017762843
852.7610474631751 176334.80556889102
853.607201309329 176306.00096015364
854.4533551554828 176277.19635141623
855.2995090016366 176248.39174267882
856.1456628477904 176219.58713394144
856.9918166939444 176190.78252520403
857.8379705400982 176219.58713394144
858.684124386252 176046.75948151705
859.5302782324059 175989.15026404226
860.3764320785597 175960.34565530485
861.2225859247135 175902.73643783006
862.0687397708675 175902.73643783006
862.9148936170213 175873.93182909267
863.7610474631751 175845.12722035527
864.607201309329 175816.32261161786
865.4533551554828 175845.12722035527
866.2995090016366 175845.12722035527
867.1456628477904 175845.12722035527
867.9918166939444 175816.32261161786
868.8379705400982 175787.51800288048
869.684124386252 175758.71339414307
870.5302782324059 175758.71339414307
871.3764320785597 175931.54104656746
872.2225859247135 175960.34565530485
873.0687397708675 175989.15026404226
873.9148936170213 176017.95487277966
874.7610474631751 176017.95487277966
875.607201309329 175787.51800288048
876.4533551554828 175729.90878540569
877.2995090016366 175701.10417666828
878.1456628477904 175672.29956793087
878.9918166939444 175643.4949591935
879.8379705400982 175758.71339414307
880.684124386252 175701.10417666828
881.5302782324059 175672.29956793087
882.3764320785597 175672.29956793087
883.2225859247135 175643.4949591935
884.0687397708675 175499.4719155065
884.9148936170213 175470.6673067691
885.7610474631751 175499.4719155065
886.607201309329 175528.27652424388
887.4533551554828 175528.27652424388
888.2995090016366 175499.4719155065
889.1456628477904 175528.27652424388
889.9918166939444 175557.0811329813
890.8379705400982 175585.8857417187
891.684124386252 175614.69035045608
892.5302782324059 175528.27652424388
893.3764320785597 175413.0580892943
894.2225859247135 175326.6442630821
895.0687397708675 175269.0350456073
895.9148936170213 175269.0350456073
896.7610474631751 175240.2304368699
897.607201309329 175269.0350456073
898.4533551554828 175297.83965434472
899.2995090016366 175297.83965434472
900.1456628477904 175269.0350456073
900.9918166939444 175211.42582813252
901.8379705400982 175182.6212193951
902.684124386252 175096.2073931829
903.5302782324059 174980.98895823333
904.3764320785597 175009.79356697074
905.2225859247135 175009.79356697074
906.0687397708675 175038.59817570812
906.9148936170213 175009.79356697074
907.7610474631751 174952.18434949592
908.607201309329 174923.37974075854
909.4533551554828 174952.18434949592
910.2995090016366 175067.40278444553
911.1456628477904 175125.01200192032
911.9918166939444 175125.01200192032
912.8379705400982 175096.2073931829
913.684124386252 175038.59817570812
914.5302782324059 174894.57513202113
915.3764320785597 174836.96591454634
916.2225859247135 174836.96591454634
917.0687397708675 174808.16130580893
917.9148936170213 174808.16130580893
918.7610474631751 174750.55208833414
919.607201309329 174721.74747959676
920.4533551554828 174692.94287085935
921.2995090016366 174721.74747959676
922.1456628477904 174750.55208833414
922.9918166939444 174750.55208833414
923.8379705400982 174692.94287085935
924.684124386252 174664.13826212194
925.5302782324059 174606.52904464715
926.3764320785597 174606.52904464715
927.2225859247135 174664.13826212194
928.0687397708675 174635.33365338456
928.9148936170213 174606.52904464715
929.7610474631751 174606.52904464715
930.607201309329 174577.72443590977
931.4533551554828 174462.50600096016
932.2995090016366 174520.11521843495
933.1456628477904 174577.72443590977
933.9918166939444 174548.91982717236
934.8379705400982 174548.91982717236
935.684124386252 174520.11521843495
936.5302782324059 174462.50600096016
937.3764320785597 174548.91982717236
938.2225859247135 174577.72443590977
939.0687397708675 174577.72443590977
939.9148936170213 174577.72443590977
940.7610474631751 174520.11521843495
941.607201309329 174404.89678348537
942.4533551554828 174491.31060969757
943.2995090016366 174520.11521843495
944.1456628477904 174520.11521843495
944.9918166939444 174664.13826212194
945.8379705400982 174692.94287085935
946.684124386252 174721.74747959676
947.5302782324059 174635.33365338456
948.3764320785597 174577.72443590977
949.2225859247135 174491.31060969757
950.0687397708675 174433.70139222278
950.9148936170213 174232.06913106097
951.7610474631751 174232.06913106097
952.607201309329 174260.87373979838
953.4533551554828 174260.87373979838
954.2995090016366 174260.87373979838
955.1456628477904 174260.87373979838
955.9918166939444 174203.2645223236
956.8379705400982 174203.2645223236
957.684124386252 174203.2645223236
958.5302782324059 174203.2645223236
959.3764320785597 174232.06913106097
960.2225859247135 174232.06913106097
961.0687397708675 174232.06913106097
961.9148936170213 174232.06913106097
962.7610474631751 174232.06913106097
963.607201309329 174203.2645223236
964.4533551554828 174203.2645223236
965.2995090016366 174203.2645223236
966.1456628477904 174203.2645223236
966.9918166939444 174203.2645223236
967.8379705400982 174174.45991358618
968.684124386252 174145.6553048488
969.5302782324059 174145.6553048488
970.3764320785597 174145.6553048488
971.2225859247135 174174.45991358618
972.0687397708675 174174.45991358618
972.9148936170213 174145.6553048488
973.7610474631751 174116.8506961114
974.607201309329 174088.04608737398
975.4533551554828 174059.2414786366
976.2995090016366 174059.2414786366
977.1456628477904 174059.2414786366
977.9918166939444 174059.2414786366
978.8379705400982 174059.2414786366
979.684124386252 174030.4368698992
980.5302782324059 174001.6322611618
981.3764320785597 174001.6322611618
982.2225859247135 174001.6322611618
983.0687397708675 174001.6322611618
983.9148936170213 174001.6322611618
984.7610474631751 174001.6322611618
985.607201309329 174001.6322611618
986.4533551554828 174001.6322611618
987.2995090016366 174001.6322611618
988.1456628477904 174001.6322611618
988.9918166939444 174001.6322611618
989.8379705400982 174001.6322611618
990.684124386252 174001.6322611618
991.5302782324059 173972.8276524244
992.3764320785597 173944.023043687
993.2225859247135 173944.023043687
994.0687397708675 173944.023043687
994.9148936170213 173944.023043687
995.7610474631751 173944.023043687
996.607201309329 173944.023043687
997.4533551554828 173944.023043687
998.2995090016366 173944.023043687
999.1456628477904 173944.023043687
999.9918166939444 173944.023043687
1000.8379705400982 173944.023043687
1001.684124386252 173944.023043687
1002.5302782324059 173944.023043687
1003.3764320785597 173972.8276524244
1004.2225859247135 173972.8276524244
1005.0687397708675 173944.023043687
1005.9148936170213 173915.2184349496
1006.7610474631751 173915.2184349496
1007.607201309329 173886.4138262122
1008.4533551554828 173886.4138262122
1009.2995090016366 173886.4138262122
1010.1456628477904 173886.4138262122
1010.9918166939444 173886.4138262122
1011.8379705400982 173886.4138262122
1012.684124386252 173886.4138262122
1013.5302782324059 173886.4138262122
1014.3764320785597 173857.60921747482
1015.2225859247135 173857.60921747482
1016.0687397708675 173828.8046087374
1016.9148936170213 173828.8046087374
1017.7610474631751 173857.60921747482
1018.607201309329 173828.8046087374
1019.4533551554828 173828.8046087374
1020.2995090016366 173828.8046087374
1021.1456628477904 173828.8046087374
1021.9918166939444 173828.8046087374
1022.8379705400982 173828.8046087374
1023.684124386252 173828.8046087374
1024.5302782324059 173828.8046087374
1025.3764320785597 173828.8046087374
1026.2225859247135 173828.8046087374
1027.0687397708675 173828.8046087374
1027.9148936170213 173828.8046087374
1028.7610474631751 173857.60921747482
1029.607201309329 173857.60921747482
1030.4533551554828 173857.60921747482
1031.2995090016366 173828.8046087374
1032.1456628477904 173828.8046087374
1032.9918166939444 173828.8046087374
1033.8379705400982 173800.0
1034.684124386252 173800.0
1035.5302782324059 173771.19539126262
1036.3764320785597 173771.19539126262
1037.2225859247135 173771.19539126262
1038.0687397708675 173771.19539126262
1038.9148936170213 173771.19539126262
1039.7610474631751 173771.19539126262
1040.607201309329 173771.19539126262
1041.4533551554828 173771.19539126262
1042.2995090016366 173771.19539126262
1043.1456628477904 173771.19539126262
1043.9918166939444 173771.19539126262
1044.8379705400982 173800.0
1045.684124386252 173771.19539126262
1046.5302782324059 173771.19539126262
1047.3764320785597 173771.19539126262
1048.2225859247135 173771.19539126262
1049.0687397708675 173771.19539126262
1049.9148936170213 173771.19539126262
1050.7610474631751 173771.19539126262
1051.607201309329 173771.19539126262
1052.4533551554828 173771.19539126262
1053.2995090016366 173771.19539126262
1054.1456628477904 173771.19539126262
1054.9918166939444 173742.3907825252
1055.8379705400982 173742.3907825252
1056.684124386252 173742.3907825252
1057.5302782324059 173742.3907825252
1058.3764320785597 173771.19539126262
1059.2225859247135 173800.0
1060.0687397708675 173771.19539126262
1060.9148936170213 173742.3907825252
1061.7610474631751 173713.58617378783
1062.607201309329 173713.58617378783
1063.4533551554828 173742.3907825252
1064.2995090016366 173713.58617378783
1065.1456628477904 173713.58617378783
1065.9918166939444 173713.58617378783
1066.8379705400982 173742.3907825252
1067.684124386252 173713.58617378783
1068.5302782324059 173713.58617378783
1069.3764320785597 173713.58617378783
1070.2225859247135 173713.58617378783
1071.0687397708675 173713.58617378783
1071.9148936170213 173713.58617378783
1072.7610474631751 173713.58617378783
1073.607201309329 173713.58617378783
1074.4533551554828 173713.58617378783
1075.2995090016366 173713.58617378783
1076.1456628477904 173713.58617378783
1076.9918166939444 173713.58617378783
1077.8379705400982 173713.58617378783
1078.684124386252 173713.58617378783
1079.5302782324059 173713.58617378783
1080.3764320785597 173713.58617378783
1081.2225859247135 173713.58617378783
1082.0687397708675 173713.58617378783
1082.9148936170213 173713.58617378783
1083.7610474631751 173684.78156505042
1084.607201309329 173684.78156505042
1085.4533551554828 173655.976956313
1086.2995090016366 173655.976956313
1087.1456628477904 173684.78156505042
1087.9918166939444 173684.78156505042
1088.8379705400982 173713.58617378783
1089.684124386252 173713.58617378783
1090.5302782324059 173684.78156505042
1091.3764320785597 173684.78156505042
1092.2225859247135 173655.976956313
1093.0687397708675 173655.976956313
1093.9148936170213 173655.976956313
1094.7610474631751 173655.976956313
1095.607201309329 173655.976956313
1096.4533551554828 173684.78156505042
1097.2995090016366 173655.976956313
1098.1456628477904 173655.976956313
1098.9918166939444 173655.976956313
1099.8379705400982 173627.17234757563
