203.116 3.3652968036529685
204.93800000000002 3.427906976744186
206.76 3.460093896713615
208.582 3.304932735426009
210.404 3.3198198198198194
212.226 3.3807339449541285
214.048 3.304932735426009
215.87 3.2043478260869565
217.692 3.218340611353712
219.514 3.1630901287553645
221.336 3.1767241379310343
223.15800000000002 3.1495726495726495
224.98000000000002 3.1361702127659576
226.802 3.1361702127659576
228.624 3.109704641350211
230.446 3.1495726495726495
232.268 3.096638655462185
234.09 3.0708333333333333
235.912 3.0708333333333333
237.734 3.0454545454545454
239.556 3.0708333333333333
241.37800000000001 3.0454545454545454
243.20000000000002 3.0204918032786887
245.02200000000002 3.0204918032786887
246.844 3.0454545454545454
248.666 3.0454545454545454
250.488 3.0580912863070537
252.31 3.096638655462185
254.132 3.1495726495726495
255.954 3.1904761904761902
257.776 3.1495726495726495
259.598 3.1630901287553645
261.42 3.2324561403508776
263.242 3.246696035242291
265.064 3.246696035242291
266.88599999999997 3.2755555555555556
268.70799999999997 3.3198198198198194
270.53 3.3348416289592757
272.352 3.3963133640553
274.174 3.3807339449541285
275.996 3.3807339449541285
277.818 3.3963133640553
279.64 3.412037037037037
281.462 3.3963133640553
283.284 3.3807339449541285
285.106 3.35
286.928 3.304932735426009
288.75 3.304932735426009
290.572 3.290178571428571
292.394 3.218340611353712
294.216 3.218340611353712
296.038 3.2043478260869565
297.86 3.1361702127659576
299.682 3.1228813559322037
301.504 3.109704641350211
303.326 3.083682008368201
305.148 3.0081632653061225
306.97 2.971774193548387
308.79200000000003 2.959839357429719
310.61400000000003 2.971774193548387
312.43600000000004 2.948
314.25800000000004 2.971774193548387
316.08000000000004 2.890196078431373
317.902 2.8789062500000004
319.724 2.8789062500000004
321.546 2.8455598455598454
323.368 2.8789062500000004
325.19 2.8455598455598454
327.012 2.8346153846153848
328.834 2.812977099236641
330.656 2.8455598455598454
332.478 2.812977099236641
334.3 2.8346153846153848
336.122 2.8346153846153848
337.944 2.770676691729323
339.766 2.770676691729323
341.588 2.7397769516728623
343.41 2.770676691729323
345.232 2.770676691729323
347.05400000000003 2.75
348.87600000000003 2.75
350.69800000000004 2.75
352.52 2.75
354.342 2.75
356.164 2.75
357.986 2.75
359.808 2.75
361.63 2.75
363.452 2.75
365.274 2.75
367.096 2.75
368.918 2.75
370.74 2.75
372.562 2.75
374.384 2.7397769516728623
376.206 2.670289855072464
378.028 2.6510791366906474
379.85 2.6510791366906474
381.672 2.585964912280702
383.494 2.5590277777777777
385.31600000000003 2.5590277777777777
387.13800000000003 2.4648829431438126
388.96000000000004 2.4084967320261437
390.78200000000004 2.456666666666667
392.604 2.400651465798046
394.426 2.400651465798046
396.248 2.317610062893082
398.07 2.2959501557632396
399.892 2.2959501557632396
401.714 2.303125
403.536 2.2607361963190185
405.358 2.2401215805471124
407.18 2.2
409.002 2.180473372781065
410.824 2.1869436201780417
412.646 2.1869436201780417
414.468 2.193452380952381
416.29 2.1424418604651163
418.112 2.1117478510028653
419.934 2.1117478510028653
421.75600000000003 2.0997150997150995
423.57800000000003 2.0997150997150995
425.40000000000003 2.0997150997150995
427.22200000000004 2.0303030303030303
429.04400000000004 2.076056338028169
430.866 2.0303030303030303
432.688 2.0303030303030303
434.51 2.0027173913043477
436.332 1.9758713136729222
438.154 1.9705882352941175
439.976 1.9601063829787233
441.798 1.9192708333333335
443.62 1.9705882352941175
445.442 1.9343832020997376
447.264 1.9445910290237467
449.086 1.9394736842105265
450.908 1.9343832020997376
452.73 1.9242819843342038
454.552 1.8946015424164524
456.374 1.8564231738035264
458.196 1.8517587939698492
460.01800000000003 1.8517587939698492
461.84000000000003 1.8517587939698492
463.66200000000003 1.8517587939698492
465.48400000000004 1.8019559902200488
467.30600000000004 1.8019559902200488
469.12800000000004 1.8019559902200488
470.95 1.7931873479318734
472.772 1.7801932367149758
474.594 1.7631578947368423
476.416 1.7505938242280286
478.238 1.7505938242280286
480.06 1.7505938242280286
481.882 1.754761904761905
483.704 1.758949880668258
485.526 1.738207547169811
487.348 1.7259953161592505
489.17 1.754761904761905
490.992 1.738207547169811
492.814 1.69815668202765
494.636 1.702078521939954
496.458 1.6826484018264842
498.28000000000003 1.6826484018264842
500.10200000000003 1.6674208144796379
501.92400000000004 1.6826484018264842
503.74600000000004 1.6826484018264842
505.56800000000004 1.6674208144796379
507.39000000000004 1.6524663677130045
509.212 1.6487695749440716
511.034 1.6674208144796379
512.856 1.6377777777777778
514.678 1.612691466083151
516.5 1.609170305676856
518.322 1.609170305676856
520.144 1.609170305676856
521.966 1.6021739130434782
523.788 1.6056644880174291
525.61 1.591792656587473
527.432 1.5849462365591398
529.254 1.5815450643776823
531.076 1.5714285714285714
532.898 1.5614406779661019
534.72 1.558139534883721
536.542 1.5515789473684212
538.364 1.5515789473684212
540.186 1.5515789473684212
542.008 1.5483193277310925
543.83 1.5386221294363256
545.652 1.5354166666666667
547.4739999999999 1.5322245322245323
549.296 1.5102459016393444
551.1179999999999 1.507157464212679
552.94 1.5040816326530613
554.762 1.4949290060851927
556.5840000000001 1.4949290060851927
558.406 1.4949290060851927
560.2280000000001 1.4949290060851927
562.05 1.4888888888888887
563.8720000000001 1.4949290060851927
565.694 1.4536489151873768
567.5160000000001 1.4623015873015872
569.338 1.474
571.1600000000001 1.4594059405940594
572.982 1.4594059405940594
574.804 1.442270058708415
576.626 1.4394531250000002
578.448 1.442270058708415
580.27 1.442270058708415
582.092 1.425531914893617
583.914 1.4227799227799227
585.736 1.420038535645472
587.558 1.4173076923076924
589.38 1.4145873320537428
591.202 1.398481973434535
593.024 1.390566037735849
594.846 1.398481973434535
596.668 1.390566037735849
598.49 1.3879472693032013
600.312 1.3775700934579438
602.134 1.3931947069943291
603.956 1.3775700934579438
605.778 1.375
607.6 1.3572744014732965
609.422 1.3673469387755102
611.244 1.3522935779816514
613.066 1.34981684981685
614.888 1.34981684981685
616.71 1.342440801457195
618.532 1.3473491773308959
620.354 1.344890510948905
622.176 1.34981684981685
623.998 1.3473491773308959
625.82 1.335144927536232
627.642 1.332730560578662
629.464 1.311387900355872
631.2860000000001 1.304424778761062
633.1080000000001 1.3090586145648313
634.9300000000001 1.311387900355872
636.7520000000001 1.3137254901960784
638.5740000000001 1.3137254901960784
640.3960000000001 1.311387900355872
642.2180000000001 1.3137254901960784
644.04 1.2975352112676055
645.862 1.2907180385288965
647.684 1.2907180385288965
649.506 1.28397212543554
651.328 1.268502581755594
653.15 1.2750865051903115
654.972 1.2619863013698631
656.794 1.2728842832469776
658.616 1.266323024054983
660.438 1.2619863013698631
662.26 1.257679180887372
664.082 1.2534013605442176
665.904 1.2512733446519524
667.726 1.2512733446519524
669.548 1.2449324324324325
671.37 1.2345058626465661
673.192 1.2324414715719063
675.014 1.2324414715719063
676.836 1.2324414715719063
678.658 1.2324414715719063
680.48 1.2345058626465661
682.302 1.2262895174708819
684.124 1.2201986754966887
685.946 1.2201986754966887
687.768 1.218181818181818
689.59 1.216171617161716
691.412 1.2141680395387149
693.234 1.2042483660130718
695.056 1.2042483660130718
696.878 1.1983739837398375
698.7 1.2022838499184338
700.522 1.2022838499184338
702.344 1.1944894651539708
704.166 1.1867954911433172
705.988 1.184887459807074
707.8100000000001 1.1867954911433172
709.6320000000001 1.1829855537720706
711.4540000000001 1.1735668789808917
713.2760000000001 1.167987321711569
715.0980000000001 1.16984126984127
716.9200000000001 1.16984126984127
718.7420000000001 1.16984126984127
720.5640000000001 1.1717011128775834
722.386 1.1515625
724.208 1.158805031446541
726.03 1.1497659906396256
727.852 1.1479750778816198
729.674 1.1533646322378717
731.496 1.1444099378881987
733.318 1.1497659906396256
735.14 1.1408668730650156
736.962 1.1497659906396256
738.784 1.1461897356143078
740.606 1.1391035548686244
742.428 1.1444099378881987
744.25 1.1321044546850998
746.072 1.133846153846154
747.894 1.133846153846154
749.716 1.1251908396946566
751.538 1.1183611532625188
753.36 1.1234756097560976
755.182 1.1183611532625188
757.004 1.1183611532625188
758.826 1.1234756097560976
760.648 1.1116138763197587
762.47 1.1099397590361446
764.292 1.1049475262368815
766.114 1.1049475262368815
767.936 1.1032934131736527
769.758 1.098360655737705
771.58 1.0902366863905324
773.402 1.0886262924667651
775.224 1.0918518518518519
777.046 1.0838235294117646
778.868 1.0918518518518519
780.69 1.0902366863905324
782.5120000000001 1.0838235294117646
784.3340000000001 1.0790629575402635
786.1560000000001 1.0790629575402635
787.9780000000001 1.0790629575402635
789.8000000000001 1.085419734904271
791.6220000000001 1.0665701881331404
793.4440000000001 1.0681159420289856
795.2660000000001 1.0727802037845706
797.0880000000001 1.0743440233236152
798.9100000000001 1.0712209302325582
800.732 1.0712209302325582
802.554 1.0696661828737302
804.376 1.0604316546762589
806.198 1.052857142857143
808.02 1.0558739255014327
809.842 1.0498575498575498
811.664 1.0483641536273116
813.486 1.0483641536273116
815.308 1.046875
817.13 1.0483641536273116
818.952 1.046875
820.774 1.0439093484419264
822.596 1.0424328147100426
824.418 1.0483641536273116
826.24 1.046875
828.062 1.0394922425952047
829.884 1.0351123595505618
831.706 1.0351123595505618
833.528 1.0365682137834036
835.35 1.0351123595505618
837.172 1.0336605890603086
838.994 1.0336605890603086
840.816 1.0293296089385475
842.638 1.0278940027894004
844.46 1.0278940027894004
846.282 1.0221914008321775
848.104 1.020775623268698
849.926 1.020775623268698
851.748 1.0179558011049723
853.57 1.020775623268698
855.392 1.0193637621023512
857.214 1.020775623268698
859.0360000000001 1.0250347705146037
860.8580000000001 1.0221914008321775
862.6800000000001 1.0193637621023512
864.5020000000001 1.0151515151515151
866.3240000000001 1.0068306010928962
868.1460000000001 1.0151515151515151
869.9680000000001 1.0137551581843192
871.7900000000001 1.0109739368998627
873.6120000000001 1.0123626373626373
875.4340000000001 1.0123626373626373
877.2560000000001 1.0109739368998627
879.078 1.0095890410958903
880.9 1.0068306010928962
882.722 1.0123626373626373
884.544 1.005457025920873
886.366 1.005457025920873
888.188 1.0040871934604905
890.01 1.005457025920873
891.832 1.0
893.654 1.0040871934604905
895.476 1.002721088435374
897.298 1.0013586956521738
899.12 1.002721088435374
900.942 1.0013586956521738
902.764 1.0082079343365253
904.586 1.0013586956521738
906.408 1.0013586956521738
908.23 1.0151515151515151
910.052 1.0040871934604905
911.874 1.002721088435374
913.696 1.005457025920873
915.518 1.002721088435374
917.34 1.002721088435374
919.162 1.0109739368998627
920.984 1.0082079343365253
922.806 1.0123626373626373
924.628 1.0095890410958903
926.45 1.0109739368998627
928.272 1.0137551581843192
930.094 1.0137551581843192
931.916 1.0151515151515151
933.738 1.0151515151515151
935.5600000000001 1.0095890410958903
937.3820000000001 1.0165517241379312
939.2040000000001 1.0193637621023512
941.0260000000001 1.023611111111111
942.8480000000001 1.0278940027894004
944.6700000000001 1.0336605890603086
946.4920000000001 1.0394922425952047
948.3140000000001 1.0409604519774012
950.1360000000001 1.0394922425952047
951.9580000000001 1.0336605890603086
953.7800000000001 1.0394922425952047
955.602 1.0394922425952047
957.424 1.0439093484419264
959.246 1.046875
961.068 1.052857142857143
962.89 1.0558739255014327
964.712 1.0727802037845706
966.534 1.0806451612903225
968.356 1.085419734904271
970.178 1.0918518518518519
972.0 1.0822320117474302
973.822 1.0967261904761905
975.644 1.0902366863905324
977.466 1.0934718100890208
979.288 1.1183611532625188
981.11 1.1200607902735562
982.932 1.1116138763197587
984.754 1.1183611532625188
986.576 1.1200607902735562
988.398 1.1355932203389831
990.22 1.1479750778816198
992.042 1.1479750778816198
993.864 1.167987321711569
995.686 1.158805031446541
997.508 1.1792
999.33 1.1810897435897436
1001.152 1.1983739837398375
1002.974 1.2081967213114755
1004.796 1.2022838499184338
1006.618 1.2345058626465661
1008.44 1.2407407407407407
1010.2620000000001 1.3399999999999999
1012.0840000000001 1.2884615384615383
1013.9060000000001 1.311387900355872
1015.7280000000001 1.3572744014732965
1017.5500000000001 1.359778597785978
1019.3720000000001 1.34981684981685
1021.1940000000001 1.3160714285714286
1023.0160000000001 1.3698884758364311
1024.8380000000002 1.398481973434535
1026.66 1.4011406844106464
1028.482 1.433852140077821
1030.304 1.4145873320537428
1032.1260000000002 1.4565217391304348
1033.9479999999999 1.4594059405940594
1035.77 1.4652087475149105
1037.592 1.4858870967741935
1039.414 1.6233480176211454
1041.2359999999999 1.675
1043.058 1.5781584582441113
1044.88 1.6450892857142856
1046.702 1.713953488372093
1048.524 1.7259953161592505
1050.346 1.7888349514563107
1052.1680000000001 1.8063725490196076
1053.99 1.8994845360824741
1055.812 1.8705583756345177
1057.634 1.904392764857881
1059.4560000000001 1.9093264248704664
1061.278 1.9758713136729222
1063.1 1.9093264248704664
1064.922 2.064425770308123
1066.7440000000001 2.1300578034682083
1068.566 2.3546325878594248
1070.388 2.3621794871794872
1072.21 2.33968253968254
1074.0320000000002 2.4084967320261437
1075.854 2.489864864864865
1077.676 2.424342105263158
1079.498 2.585964912280702
1081.3200000000002 2.6415770609319
1083.142 2.6042402826855127
1084.964 2.7602996254681647
1086.786 2.68978102189781
1088.608 2.802281368821293
1090.43 2.8237547892720305
1092.252 2.948
1094.074 2.948
1095.896 2.948
1097.718 2.9362549800796813
1099.54 2.948
